00000000000000000000000000000000000000000000000000000000000000000000000000000000
00000000000000000000000000000000000000000000000000000000000000000000000000000000
00000000000000000000000000000000000000000000000000000000000000000000000000000000
00000000000000000000000000000000000000000000000000000000000000000000000000000000
00000000000000111110001111100100001011111101000010111111000001011111100000000000
00000000000000100000010000010100001010000001000010100000000001010000010000000000
00000000000000100000010000000100001010000001000010100000000001010000010000000000
00000000000000111110011111000100001011111101000010111110000001011111100000000000
00000000000000000001010000000100001010000001000010100000000001010000010000000000
00000000000000000001010000000100001010000001000010100000000001010000010000000000
00000000000000111110001111100111111010000001000010100000000001010000010000000000
00000000000000000000000000000000000000000000000000000000000000000000000000000000
00000000000000000000000000000000000000000000000000000000000000000000000000000000
00000000000000000000000000000000000000000000000000000000000000000000000000000000
00000000000000000000000000000000000000000000000000000000000000000000000000000000
00000000000000111110001111100100001011111101111110111111011111010000010000000000
00000000000000100000010000010100001010000001000010100000010000010000010000000000
00000000000000100000010000010100001010000001000010100000010000010000010000000000
00000000000000111110011111000100001011111101000010111110010000011111100000000000
00000000000000000001010000000100001010000001000010100010010000010000010000000000
00000000000000000001010000000100001010000001000010100001010000010000010000000000
00000000000000111110001111100111111010000001000010100000111111010000010000000000
00000000000000000000000000000000000000000000000000000000000000000000000000000000
00000000000000000000000000000000000000000000000000000000000000000000000000000000
00000000000000000000000000000000000000000000000000000000000000000000000000000000